0 0.7395833333333334 0.28125 0.08146164021164021 0.5522470238095237
0 0.7929695767195767 0.46411210317460316 0.04732142857142857 0.5170907738095237
0 0.20182208994708992 0.30395585317460316 0.17675925925925925 0.37890625
0 0.8886706349206349 0.18237351190476192 0.03513558201058201 0.32275297619047616
0 0.6705720899470899 0.18554811507936508 0.03128968253968254 0.3107911706349206
0 0.7050793650793651 0.14129712301587302 0.04427248677248677 0.2825917658730159
0 0.8391931216931217 0.2371825396825397 0.03540013227513227 0.2756349206349206
0 0.29069113756613757 0.18237351190476192 0.1514484126984127 0.359375
0 0.04874669312169312 0.27319444444444446 0.09749338624338624 0.48681547619047616
0 0.4042526455026455 0.43871279761904763 0.11758597883597884 0.8774255952380953
0 0.6777347883597883 0.26709077380952384 0.11328042328042329 0.45385664682539684
0 0.9115310846560846 0.3066393849206349 0.14117724867724868 0.6132762896825397
0 0.9518220899470899 0.1878670634920635 0.0634755291005291 0.37573164682539684
0 0.5862632275132275 0.5068353174603174 0.05061838624338624 0.26245039682539684
0 0.7852083333333333 0.6313392857142857 0.11901124338624339 0.469203869047619
0 0.5478505291005291 0.32177827380952384 0.20410052910052912 0.26586805555555554
0 0.08219246031746032 0.05203125 0.10750330687830686 0.09997519841269842
0 0.9290376984126983 0.0559375 0.07413690476190476 0.1089484126984127
0 0.8496097883597883 0.05596974206349206 0.10522486772486772 0.11193948412698412
0 0.47819113756613757 0.1508779761904762 0.11718915343915344 0.1167609126984127
1 0.052083333333333336 0.9418402777777778 0.10085978835978836 0.10788690476190477
1 0.058091931216931215 0.6658159722222222 0.08837962962962963 0.05660218253968254
1 0.08540013227513228 0.8166294642857143 0.057595899470899464 0.03351438492063492
1 0.020853174603174603 0.8214707341269841 0.041706349206349205 0.0431969246031746
1 0.5019675925925926 0.8680183531746032 0.09235119047619048 0.06628472222222222
1 0.10079034391534392 0.8665277777777778 0.10228174603174603 0.052876984126984126
1 0.9076124338624338 0.8088095238095238 0.0913558201058201 0.08043402777777778
1 0.8991732804232804 0.7443874007936507 0.0566005291005291 0.054367559523809526
1 0.9552777777777779 0.8668998015873016 0.04369378306878307 0.025322420634920635