0 0.7858616765408187 0.28632169610401914 0.060107249678574295 0.27901135492689527
0 0.8817989937038702 0.3360579642614075 0.06169844015524136 0.2735195700941516
0 0.9407552083333334 0.291015625 0.10221354166666667 0.352783203125
0 0.4671223958333333 0.29345703125 0.08390299479166667 0.330322265625
0 0.10099283854166667 0.291748046875 0.121826171875 0.266357421875
0 0.6136067708333334 0.345458984375 0.08585611979166667 0.16162109375
0 0.17805989583333334 0.259521484375 0.08158365885416667 0.247314453125
0 0.3151041666666667 0.26806640625 0.09358723958333333 0.242919921875
0 0.6907552083333334 0.2127685546875 0.058024088541666664 0.2139892578125
0 0.8287760416666666 0.2264404296875 0.0775146484375 0.25537109375
0 0.59375 0.2337646484375 0.0748291015625 0.245849609375
0 0.5364583333333334 0.26318359375 0.037618001302083336 0.262939453125
0 0.5159505208333334 0.65673828125 0.057698567708333336 0.2421875
0 0.53515625 0.53125 0.044189453125 0.198974609375
0 0.3479817708333333 0.4736328125 0.20198567708333334 0.1636962890625
0 0.708984375 0.77685546875 0.022216796875 0.08770751953125
0 0.8268229166666666 0.92578125 0.12556966145833334 0.1048583984375
0 0.6920572916666666 0.54833984375 0.2158203125 0.09930419921875
0 0.876953125 0.41162109375 0.2197265625 0.131591796875
0 0.833984375 0.80908203125 0.0565185546875 0.05499267578125
0 0.5530598958333334 0.68798828125 0.035888671875 0.1873779296875