0 0.4201661706349206 0.7167956349206349 0.1694345238095238 0.5576157407407407
0 0.5825198412698412 0.7239583333333334 0.13891617063492065 0.5283201058201058
0 0.30932539682539684 0.7135416666666666 0.06268353174603175 0.5276686507936508
0 0.5424801587301588 0.34244708994708994 0.05340525793650794 0.4944675925925926
0 0.7333978174603174 0.7311210317460317 0.13122519841269842 0.5286474867724869
0 0.8920907738095237 0.6083994708994709 0.031617063492063495 0.32877645502645503
0 0.17736855158730158 0.7109391534391535 0.05780009920634921 0.5589186507936508
0 0.35034226190476186 0.3997387566137566 0.03204365079365079 0.5481779100529101
0 0.11065724206349206 0.43977843915343917 0.049866071428571426 0.40559854497354497
0 0.18139632936507935 0.3245436507936508 0.11901785714285715 0.5283201058201058
0 0.07501240079365079 0.21484457671957674 0.037596726190476194 0.37630291005291006
0 0.31225694444444446 0.29182870370370373 0.028762400793650795 0.44694113756613757
0 0.42431547619047616 0.2666005291005291 0.13452132936507935 0.5169279100529101
0 0.1519766865079365 0.42805886243386243 0.04553323412698413 0.46744708994708994
0 0.7299801587301588 0.22249338624338627 0.10211061507936507 0.4375
0 0.8996577380952381 0.7923181216931217 0.2006845238095238 0.41503968253968254
0 0.8330084325396826 0.24853505291005293 0.14440972222222223 0.4824206349206349
0 0.6733407738095237 0.3551421957671958 0.05529761904761905 0.5807308201058201
0 0.9384771825396826 0.2954100529100529 0.12023809523809524 0.5153009259259259
0 0.23815972222222223 0.16194775132275133 0.10485863095238096 0.3177083333333333
0 0.05050595238095238 0.19417328042328041 0.027802579365079363 0.3365873015873016
0 0.12213045634920636 0.7486970899470899 0.024521329365079367 0.4840509259259259
0 0.02224702380952381 0.5081382275132275 0.04193204365079365 0.3014318783068783
0 0.28198164682539684 0.0915542328042328 0.1116344246031746 0.17854828042328041
0 0.19946180555555557 0.0915542328042328 0.09204117063492064 0.1721990740740741
0 0.5649404761904763 0.10221230158730157 0.10839781746031746 0.20035714285714284
0 0.6396478174603174 0.1163723544973545 0.0594171626984127 0.22151785714285716
0 0.8745114087301588 0.09513227513227514 0.09075892857142857 0.18391865079365077
0 0.3693849206349206 0.1237797619047619 0.060515873015873016 0.2389318783068783
0 0.6020510912698412 0.20328703703703704 0.06188988095238095 0.3863921957671958
0 0.1171875 0.06624338624338624 0.09771825396825397 0.13077711640211642