0 0.90625 0.22106894841269842 0.06746362433862434 0.43847718253968254
0 0.4430324074074074 0.25488343253968254 0.059814814814814814 0.4887698412698413
0 0.33984457671957674 0.19226190476190477 0.06046626984126984 0.38183531746031746
0 0.2237962962962963 0.13940476190476192 0.0633531746031746 0.27832093253968254
0 0.2659490740740741 0.4941418650793651 0.10774801587301587 0.31127976190476186
0 0.8463558201058201 0.27197172619047616 0.05224537037037037 0.5439459325396826
0 0.27946097883597887 0.15625 0.028118386243386244 0.30859375
0 0.828125 0.12170386904761904 0.04089285714285714 0.2407217261904762
0 0.05643849206349206 0.6020510912698412 0.09985449735449735 0.3576661706349206
0 0.39680886243386243 0.13439980158730158 0.09716931216931216 0.26855406746031746
0 0.5351554232804233 0.796875 0.1764318783068783 0.3364260912698413
0 0.5299470899470899 0.19238343253968254 0.034341931216931215 0.37182539682539684
0 0.6158862433862434 0.24450644841269842 0.16056216931216932 0.4682614087301587
0 0.6992195767195767 0.8300793650793651 0.10595568783068784 0.3120114087301587
0 0.4108068783068783 0.6484375 0.1769212962962963 0.27368055555555554
0 0.9524735449735451 0.27270585317460316 0.08878637566137566 0.5424801587301588
0 0.5986342592592593 0.21881200396825398 0.043945105820105815 0.4376215277777778
0 0.024718915343915345 0.7416989087301588 0.047648809523809524 0.16430555555555557
0 0.8850231481481481 0.6002678571428572 0.2052116402116402 0.368015873015873
0 0.03965277777777778 0.2778323412698413 0.07930555555555556 0.46362351190476186
0 0.06465608465608466 0.453125 0.12166335978835979 0.18273809523809523
0 0.12467592592592593 0.3771974206349206 0.06091269841269841 0.11084077380952381
0 0.6116534391534392 0.48950148809523814 0.05139219576719577 0.9736334325396826
0 0.5309259259259259 0.5566418650793651 0.05794312169312169 0.16076636904761907
0 0.9524735449735451 0.16589285714285715 0.0925297619047619 0.02513144841269841
0 0.42480489417989414 0.9751959325396825 0.021038359788359787 0.04960565476190476