1 0.3490627187835001 0.6949429429796988 0.09585427251287623 0.10859070405692081
1 0.36906798028929755 0.5584926860619343 0.16157149159385462 0.06429616598126514
1 0.5794600366931458 0.6479890318664402 0.1490141563748033 0.1165915698197448
1 0.5510080218445081 0.5006594931607702 0.10312728213583511 0.09185280113693
1 0.4231770833333333 0.65673828125 0.08846028645833333 0.11859130859375
1 0.2527669270833333 0.6630859375 0.07954915364583333 0.08709716796875
1 0.4661458333333333 0.5908203125 0.09171549479166667 0.0885009765625
1 0.12890625 0.63330078125 0.07596842447916667 0.10467529296875
1 0.054443359375 0.60107421875 0.10888671875 0.06268310546875
1 0.8606770833333334 0.257568359375 0.13216145833333334 0.06463623046875
1 0.9348958333333334 0.2125244140625 0.11930338541666667 0.07366943359375
1 0.705078125 0.23583984375 0.08479817708333333 0.07354736328125
1 0.6246744791666666 0.282470703125 0.09611002604166667 0.06524658203125
1 0.9290364583333334 0.446533203125 0.062052408854166664 0.040679931640625
1 0.7037760416666666 0.414306640625 0.11531575520833333 0.0987548828125
1 0.5465494791666666 0.428955078125 0.0504150390625 0.06854248046875
1 0.14396158854166666 0.33935546875 0.17757161458333334 0.182373046875
1 0.7473958333333334 0.1175537109375 0.1669921875 0.1466064453125
1 0.796875 0.28857421875 0.146240234375 0.027069091796875
1 0.9424031575520834 0.319091796875 0.11519368489583333 0.09722900390625
1 0.044962565104166664 0.6728515625 0.08650716145833333 0.11859130859375
1 0.6559244791666666 0.0622711181640625 0.13663736979166666 0.124542236328125
1 0.3356119791666667 0.09332275390625 0.2591145833333333 0.1778564453125
1 0.15706380208333334 0.06439208984375 0.2888997395833333 0.1259765625
1 0.18310546875 0.1851806640625 0.089599609375 0.1883544921875
1 0.17569986979166666 0.480712890625 0.3513997395833333 0.106689453125
1 0.07120768229166667 0.430908203125 0.14200846354166666 0.09222412109375
1 0.9583333333333334 0.986328125 0.062418619791666664 0.0272216796875
1 0.031097412109375 0.2393798828125 0.06219482421875 0.2271728515625
1 0.3818359375 0.30810546875 0.24837239583333334 0.152587890625
1 0.8118489583333334 0.465576171875 0.22119140625 0.081787109375