0 0.6357407407407407 0.34448164682539684 0.10831679894179895 0.38818452380952384
0 0.8219543650793651 0.294015376984127 0.08175595238095237 0.5299255952380952
0 0.5035813492063492 0.27832093253968254 0.0694973544973545 0.5493154761904763
0 0.3903009259259259 0.18066468253968254 0.11507275132275133 0.3496106150793651
0 0.9042956349206349 0.43457093253968254 0.05305886243386243 0.45385664682539684
0 0.8678373015873017 0.8115228174603174 0.05749669312169312 0.3671875
0 0.1748280423280423 0.35481646825396823 0.1834325396825397 0.2081299603174603
0 0.9687896825396825 0.7299801587301588 0.062417328042328045 0.5004885912698412
0 0.7897123015873017 0.7866220238095237 0.06034391534391534 0.4160168650793651
0 0.5750396825396825 0.7523263888888889 0.07999669312169312 0.3671999007936508
1 0.291005291005291 0.982390873015873 0.06283068783068783 0.03521825396825397
1 0.5266203703703703 0.9792906746031746 0.054563492063492064 0.04141865079365079
1 0.13558201058201058 0.806671626984127 0.06944444444444445 0.04836309523809524
1 0.4968584656084656 0.9368799603174603 0.06779100529100529 0.043402777777777776
1 0.40261243386243384 0.873015873015873 0.0710978835978836 0.03968253968253968
1 0.3687169312169312 0.9424603174603174 0.07275132275132275 0.044642857142857144
1 0.14467592592592593 0.5226934523809523 0.06117724867724868 0.045882936507936505
1 0.6919642857142857 0.6727430555555556 0.06448412698412699 0.05084325396825397