1 0.6483068783068783 0.310875496031746 0.4384821428571429 0.24854166666666666
1 0.28858796296296296 0.434484126984127 0.38724867724867723 0.3649627976190476
1 0.70448082010582 0.5038516865079365 0.3643551587301587 0.20723710317460317
1 0.3849537037037037 0.8411582341269842 0.27091269841269844 0.1306845238095238
1 0.6011838624338625 0.6535466269841269 0.1767526455026455 0.13618055555555555
1 0.13368386243386243 0.9218526785714285 0.05012566137566138 0.03071676587301587
1 0.19266534391534393 0.9037326388888889 0.05322089947089947 0.04625248015873016
1 0.1658664021164021 0.963234126984127 0.033723544973544975 0.05021825396825397
1 0.3826554232804233 0.9582762896825396 0.1196660052910053 0.06321180555555556
1 0.5731183862433862 0.962953869047619 0.12599537037037037 0.07408978174603174
1 0.13115740740740742 0.8681696428571428 0.06456679894179894 0.05506696428571429
1 0.528614417989418 0.7721750992063492 0.105 0.0381969246031746
1 0.6592228835978836 0.7788368055555556 0.12460978835978835 0.04009920634920635
1 0.7346395502645503 0.7913541666666666 0.10692460317460317 0.09482886904761906
1 0.7325496031746032 0.8715376984126985 0.040816798941798946 0.03591765873015873
1 0.9334656084656086 0.8811309523809523 0.03760251322751323 0.02160218253968254
1 0.8746031746031747 0.8345709325396825 0.04473875661375661 0.02746031746031746
1 0.823396164021164 0.858968253968254 0.044857804232804235 0.029813988095238095
1 0.8608531746031746 0.7878918650793652 0.07815145502645503 0.05211805555555555
1 0.8656878306878307 0.736530257936508 0.04213624338624339 0.03162450396825397
1 0.8243287037037037 0.6465500992063492 0.035555555555555556 0.03134672619047619
1 0.7814417989417989 0.6818725198412698 0.05637566137566137 0.016721230158730158
1 0.967797619047619 0.6363467261904762 0.047380952380952385 0.05357886904761905
1 0.9696792328042327 0.5785912698412699 0.03388558201058201 0.04618303571428572
1 0.8378604497354497 0.5346676587301588 0.0673478835978836 0.010642361111111111
1 0.8424437830687831 0.5635615079365079 0.023792989417989418 0.028839285714285713
1 0.92182208994709 0.5333854166666667 0.03040674603174603 0.028105158730158727
1 0.9239715608465608 0.4563070436507936 0.02290674603174603 0.04207589285714286
1 0.9234160052910052 0.41336805555555556 0.018075396825396824 0.025124007936507937
1 0.8972453703703703 0.40210069444444446 0.052043650793650795 0.008177083333333333