0 0.8129885912698412 0.21858796296296296 0.02941964285714286 0.4153637566137566
0 0.2042237103174603 0.2596031746031746 0.0703125 0.4817724867724868
0 0.90625 0.266765873015873 0.08093253968253968 0.4752612433862434
0 0.9208978174603174 0.8658862433862434 0.0450124007936508 0.2607407407407408
0 0.6362301587301588 0.43001322751322746 0.07989583333333333 0.6516931216931217
0 0.3493650793650794 0.7070304232804233 0.2907713293650794 0.5455720899470899
0 0.30590773809523814 0.24267526455026456 0.048308531746031745 0.46809854497354497
0 0.45996031746031746 0.36523478835978834 0.0659796626984127 0.7246097883597883
0 0.5449231150793651 0.19563822751322751 0.06396577380952381 0.3795568783068783
0 0.14794890873015873 0.7291666666666666 0.13659722222222223 0.5065112433862434
0 0.05758680555555556 0.29768849206349207 0.03656001984126984 0.5953769841269841
0 0.8457043650793651 0.295734126984127 0.09503224206349206 0.5406911375661375
0 0.02748015873015873 0.19335978835978837 0.03711061507936508 0.37858134920634917
0 0.3105481150793651 0.7076818783068783 0.018097718253968255 0.33203042328042326
0 0.8090823412698412 0.7819014550264549 0.02056795634920635 0.20377645502645503
0 0.5126959325396826 0.5224603174603175 0.05520585317460318 0.9479166666666666
0 0.09368799603174603 0.8618154761904763 0.12914930555555557 0.2763657407407408
0 0.8427728174603174 0.7675793650793651 0.09552083333333333 0.2902017195767196
0 0.9516592261904763 0.9049470899470899 0.0855704365079365 0.18457010582010583
0 0.09234623015873016 0.16601521164021163 0.02513144841269841 0.33203042328042326
0 0.34497023809523814 0.4010416666666667 0.1538095238095238 0.21582010582010583
0 0.3850099206349206 0.14017857142857143 0.16003472222222223 0.28035383597883595
0 0.16174355158730158 0.13216269841269843 0.13610863095238093 0.25878968253968254
0 0.25634672619047616 0.12296626984126985 0.11242559523809524 0.23714285714285716
0 0.25366319444444446 0.8938789682539683 0.0565500992063492 0.09952711640211641
0 0.32421875 0.0975760582010582 0.10614087301587301 0.1915674603174603
0 0.886078869047619 0.13566137566137568 0.22784474206349206 0.2631845238095238