0 0.25732473544973544 0.45605406746031746 0.04793320105820106 0.3298338293650794
0 0.4166666666666667 0.42504960317460316 0.08357804232804233 0.36572172619047616
0 0.09741071428571428 0.5375967261904763 0.17871031746031746 0.3979489087301587
0 0.5530588624338625 0.45800843253968254 0.24837301587301588 0.4653323412698413
0 0.7057308201058201 0.47778273809523814 0.1899404761904762 0.40551835317460316
0 0.06441137566137566 0.2109375 0.09204034391534391 0.20178323412698412
0 0.90625 0.6181646825396826 0.1764318783068783 0.2230233134920635
0 0.3059887566137566 0.49707093253968254 0.17366402116402116 0.17919890873015873
0 0.3697916666666667 0.2496329365079365 0.16113425925925925 0.23022569444444443
0 0.6565740740740741 0.2834474206349206 0.15063492063492062 0.24694940476190477
0 0.9166666666666666 0.2739260912698413 0.15543650793650796 0.21704117063492065
0 0.23144510582010583 0.7792981150793651 0.09895833333333333 0.04788194444444444
0 0.8639318783068783 0.17565972222222223 0.27034391534391533 0.13732886904761907
0 0.5638029100529101 0.1184077380952381 0.19970568783068782 0.08343501984126984