1 0.8507870370370371 0.8681646825396826 0.13406415343915346 0.08709573412698413
1 0.17936177248677249 0.7275396825396826 0.12166335978835979 0.07421875
1 0.5738921957671957 0.8056646825396826 0.21647156084656086 0.19470238095238093
1 0.6868485449735451 0.7705084325396826 0.08699404761904762 0.06573412698412699
1 0.5377612433862434 0.6635739087301588 0.17057208994708992 0.10760416666666667
1 0.7766931216931217 0.9511731150793651 0.17789682539682541 0.09753472222222222
1 0.9205720899470899 0.7822271825396826 0.15250661375661376 0.14929315476190477
1 0.08463624338624338 0.7646478174603174 0.1665046296296296 0.16211061507936508
1 0.9166666666666666 0.9237053571428572 0.16194775132275133 0.15258680555555557
1 0.5807308201058201 0.5483407738095237 0.13289351851851852 0.10742311507936508
1 0.40234457671957674 0.6245114087301588 0.10774801587301587 0.06707837301587301
1 0.5507804232804233 0.9423834325396826 0.18864087301587304 0.1089484126984127
1 0.09358796296296296 0.6733407738095237 0.13264880952380953 0.04708829365079365
1 0.3170568783068783 0.7573239087301588 0.1809887566137566 0.13293402777777777
1 0.41210978835978834 0.8256845238095237 0.1508796296296296 0.27368055555555554
1 0.523994708994709 0.3166517857142857 0.47802248677248677 0.45896081349206347
1 0.8272420634920634 0.33876240079365083 0.2826521164021164 0.37116815476190473
1 0.7771031746031746 0.4422743055555556 0.2466335978835979 0.22615079365079366