1 0.9278439153439154 0.29250248015873015 0.046061507936507935 0.024603174603174603
1 0.9582208994708994 0.3170287698412698 0.04291335978835979 0.01527281746031746
1 0.9831944444444444 0.2686532738095238 0.03360780423280423 0.013936011904761904
1 0.904348544973545 0.38386160714285716 0.03451058201058201 0.03173363095238095
1 0.8566931216931216 0.375 0.028078703703703703 0.0153125
1 0.8427513227513228 0.3978249007936508 0.0373776455026455 0.022624007936507935
1 0.36684854497354497 0.42946676587301585 0.08808531746031746 0.028055555555555556
1 0.45216600529100526 0.3888715277777778 0.026240079365079362 0.04187251984126984
1 0.437989417989418 0.436421130952381 0.04538690476190476 0.03872767857142857
1 0.4959887566137566 0.43917410714285715 0.060625000000000005 0.034516369047619046
1 0.2381845238095238 0.449484126984127 0.04092261904761905 0.02814484126984127
1 0.3479960317460317 0.46578373015873015 0.09356150793650794 0.030513392857142857
1 0.2780522486772487 0.4250074404761905 0.04580357142857142 0.019677579365079367
1 0.3851686507936508 0.5176587301587301 0.05202711640211641 0.06894593253968254
1 0.2822255291005291 0.5154737103174603 0.03687830687830688 0.03920882936507936
1 0.2166335978835979 0.5012772817460318 0.043161375661375664 0.05723958333333333
1 0.3405853174603175 0.5409201388888888 0.05139550264550264 0.05825396825396825
1 0.4864880952380953 0.5240823412698412 0.0876851851851852 0.061279761904761906
1 0.5253406084656085 0.2665674603174603 0.0600760582010582 0.04973958333333334
1 0.250515873015873 0.15137896825396827 0.4173181216931217 0.1209077380952381
1 0.10801587301587301 0.2842782738095238 0.2025760582010582 0.2185342261904762
1 0.35020833333333334 0.33013144841269837 0.27288690476190475 0.1241344246031746
1 0.7835449735449735 0.14795386904761904 0.4240641534391534 0.1959027777777778
1 0.6220767195767196 0.08859126984126983 0.14394179894179893 0.17283978174603173
1 0.8658366402116402 0.02708829365079365 0.263723544973545 0.0541765873015873
1 0.698290343915344 0.5047445436507937 0.2844047619047619 0.10450396825396825
1 0.7375231481481481 0.3576190476190476 0.2776653439153439 0.09389880952380952
1 0.7175727513227513 0.4245436507936508 0.26616402116402116 0.06854414682539682