1 0.4309126984126984 0.33531994047619046 0.5718187830687831 0.3433358134920635
1 0.8020998677248677 0.9435763888888888 0.09683862433862434 0.11284970238095238
1 0.11952050264550265 0.8501810515873015 0.09652777777777777 0.0699454365079365
1 0.5091137566137566 0.6806646825396826 0.10099206349206348 0.1381845238095238
1 0.9355456349206349 0.8364260912698412 0.09863425925925925 0.07226686507936508
1 0.7402347883597883 0.9184573412698412 0.08569444444444443 0.06561259920634921
1 0.8046891534391535 0.28393601190476186 0.07983465608465608 0.04263392857142857
1 0.5126951058201058 0.8427728174603174 0.08862433862433862 0.06781001984126984
1 0.6305324074074075 0.8637698412698412 0.12849867724867725 0.08990575396825397
1 0.8079431216931217 0.9204092261904763 0.038492063492063494 0.0528249007936508
1 0.36230489417989414 0.7407217261904763 0.13403439153439153 0.08740327380952381
1 0.4980456349206349 0.7319345238095237 0.023174603174603174 0.015364583333333334
1 0.3214517195767196 0.7177728174603174 0.03863425925925926 0.019089781746031747
1 0.7428373015873017 0.7709970238095237 0.1977546296296296 0.14782738095238093
1 0.9023445767195767 0.7534176587301588 0.041054894179894184 0.04681299603174603
1 0.8671891534391535 0.9624032738095237 0.05354828042328043 0.06829861111111112