0 0.3942057291666667 0.2103271484375 0.06978352864583333 0.376708984375
0 0.80078125 0.2095947265625 0.0509033203125 0.31201171875
0 0.55859375 0.333251953125 0.07706705729166667 0.61767578125
0 0.3440755208333333 0.389404296875 0.09423828125 0.73388671875
0 0.4814453125 0.371826171875 0.121826171875 0.48388671875
0 0.8352864583333334 0.93017578125 0.08447265625 0.1396484375
0 0.9518229166666666 0.71044921875 0.092529296875 0.5712890625
0 0.5940755208333334 0.77813720703125 0.13688151041666666 0.4437255859375
0 0.69140625 0.458984375 0.17822265625 0.457763671875
0 0.15299479166666666 0.7080078125 0.105224609375 0.299560546875
0 0.9459635416666666 0.412109375 0.08894856770833333 0.52587890625
0 0.6318359375 0.2342529296875 0.041829427083333336 0.423095703125
0 0.21435546875 0.310546875 0.11637369791666667 0.572265625
0 0.02947998046875 0.78271484375 0.042399088541666664 0.39794921875
0 0.31298828125 0.8037109375 0.088623046875 0.38037109375
0 0.20345052083333334 0.8165283203125 0.07027180989583333 0.366943359375
0 0.7102864583333334 0.2210693359375 0.09236653645833333 0.4111328125
0 0.7923177083333334 0.6787109375 0.0594482421875 0.4384765625
0 0.22200520833333334 0.8447265625 0.129150390625 0.110107421875
0 0.042317708333333336 0.2406005859375 0.07763671875 0.47314453125
0 0.767578125 0.77960205078125 0.0496826171875 0.4407958984375
0 0.6103515625 0.15185546875 0.17073567708333334 0.277099609375
0 0.11002604166666667 0.86163330078125 0.13525390625 0.2767333984375
0 0.3922526041666667 0.56884765625 0.062174479166666664 0.83447265625
0 0.11637369791666667 0.30029296875 0.06453450520833333 0.53466796875
0 0.8873697916666666 0.84033203125 0.21223958333333334 0.300048828125
0 0.16845703125 0.5185546875 0.055582682291666664 0.7939453125
0 0.4752604166666667 0.6689453125 0.19742838541666666 0.19189453125
0 0.18343098958333334 0.1649169921875 0.057942708333333336 0.314697265625
0 0.8899739583333334 0.50927734375 0.16910807291666666 0.260498046875