1 0.6450396825396825 0.6888070436507936 0.03924603174603175 0.03693700396825397
1 0.5843452380952381 0.6329712301587301 0.08320105820105819 0.022562003968253967
1 0.5419444444444445 0.5548487103174603 0.08283399470899472 0.0754389880952381
1 0.105 0.7003397817460317 0.13448412698412698 0.07016617063492064
1 0.31716931216931216 0.4345833333333333 0.22578703703703704 0.2400719246031746
1 0.6090046296296296 0.3884077380952381 0.3234490740740741 0.2929389880952381
1 0.5366071428571428 0.4528075396825397 0.23287367724867727 0.22569196428571428
1 0.9029001322751322 0.531515376984127 0.08251653439153439 0.10428323412698413
1 0.2159325396825397 0.7338864087301588 0.08139880952380953 0.10386160714285714
1 0.24080687830687833 0.8133878968253968 0.09823412698412698 0.037772817460317465
1 0.43052910052910054 0.6318154761904762 0.11365410052910054 0.07688740079365079
1 0.664973544973545 0.9647792658730158 0.0907308201058201 0.07044394841269841
1 0.5114550264550265 0.898360615079365 0.08187830687830687 0.09589781746031746
1 0.2206746031746032 0.8984350198412698 0.10907738095238095 0.09574900793650794
1 0.7867625661375661 0.8264037698412698 0.09034060846560847 0.059446924603174606
1 0.7070998677248678 0.9054637896825397 0.0839781746031746 0.04766121031746032