0 0.2503255208333333 0.411865234375 0.24560546875 0.30712890625
0 0.6217447916666666 0.422119140625 0.12516276041666666 0.452880859375
0 0.06254069010416667 0.418701171875 0.0528564453125 0.283203125
0 0.830078125 0.314697265625 0.15673828125 0.452880859375
0 0.5384114583333334 0.591796875 0.12296549479166667 0.1334228515625
0 0.4619140625 0.427734375 0.11800130208333333 0.259521484375
0 0.20247395833333334 0.892578125 0.028828938802083332 0.139892578125
0 0.2849934895833333 0.2281494140625 0.11735026041666667 0.260498046875
0 0.10319010416666667 0.431396484375 0.19514973958333334 0.27099609375
0 0.7154947916666666 0.61083984375 0.14990234375 0.1556396484375
0 0.9166666666666666 0.6435546875 0.14656575520833334 0.252685546875
0 0.8177083333333334 0.458740234375 0.3224283854166667 0.1658935546875