0 0.428955078125 0.25732421875 0.06903076171875 0.49609375
0 0.370361328125 0.3074544270833333 0.09234619140625 0.5869140625
0 0.87109375 0.2604166666666667 0.0295867919921875 0.5146484375
0 0.10540771484375 0.17936197916666666 0.06817626953125 0.3424479166666667
0 0.8447265625 0.4296875 0.054412841796875 0.5263671875
0 0.046295166015625 0.17919921875 0.034881591796875 0.3444010416666667
0 0.276123046875 0.163330078125 0.042572021484375 0.3229166666666667
0 0.794921875 0.5152994791666666 0.05145263671875 0.7259114583333334
0 0.332763671875 0.8046875 0.03448486328125 0.390625
0 0.06903076171875 0.2911783854166667 0.030670166015625 0.1669921875
0 0.69091796875 0.22737630208333334 0.039276123046875 0.4456380208333333
0 0.76416015625 0.205078125 0.059539794921875 0.4000651041666667
0 0.6015625 0.18050130208333334 0.056121826171875 0.3610026041666667
0 0.61767578125 0.7513020833333334 0.201171875 0.4944661458333333
0 0.455322265625 0.9212239583333334 0.0567626953125 0.14803059895833334
0 0.900390625 0.6692708333333334 0.198974609375 0.4938151041666667
0 0.90380859375 0.19856770833333334 0.07720947265625 0.3896484375
0 0.537109375 0.4983723958333333 0.07861328125 0.4150390625
0 0.8076171875 0.22639973958333334 0.034942626953125 0.4329427083333333
0 0.5244140625 0.24658203125 0.1033935546875 0.4908854166666667
0 0.9482421875 0.3779296875 0.051849365234375 0.4274088541666667
0 0.640625 0.541015625 0.0751953125 0.17854817708333334
0 0.6591796875 0.294921875 0.0318603515625 0.5634765625
0 0.7255859375 0.5758463541666666 0.091552734375 0.3430989583333333
0 0.061553955078125 0.6481119791666666 0.12310791015625 0.4251302083333333