0 0.29833984375 0.5208333333333334 0.0390625 0.5481770833333334
0 0.093505859375 0.7669270833333334 0.177001953125 0.455078125
0 0.417236328125 0.619140625 0.175537109375 0.482421875
0 0.7333984375 0.5149739583333334 0.1602783203125 0.4280598958333333
0 0.66845703125 0.5530598958333334 0.06781005859375 0.4205729166666667
0 0.3447265625 0.5953776041666666 0.09771728515625 0.3727213541666667
0 0.1693115234375 0.5651041666666666 0.03277587890625 0.3831380208333333
0 0.416259765625 0.22867838541666666 0.01751708984375 0.3056640625
0 0.0970458984375 0.2522786458333333 0.061309814453125 0.44921875
0 0.373046875 0.2513020833333333 0.027587890625 0.3570963541666667
0 0.033966064453125 0.6588541666666666 0.061431884765625 0.3629557291666667
0 0.8984375 0.7779947916666666 0.08831787109375 0.24918619791666666
0 0.05194091796875 0.38671875 0.093994140625 0.4007161458333333
0 0.2239990234375 0.22591145833333334 0.06585693359375 0.3483072916666667
0 0.470947265625 0.24348958333333334 0.0880126953125 0.3623046875
0 0.6357421875 0.25048828125 0.09552001953125 0.3606770833333333
0 0.2105712890625 0.6282552083333334 0.10357666015625 0.19807942708333334
0 0.84375 0.9251302083333334 0.0330810546875 0.14884440104166666
0 0.53076171875 0.4270833333333333 0.12274169921875 0.7220052083333334
0 0.28466796875 0.861328125 0.1925048828125 0.16650390625
0 0.96380615234375 0.8606770833333334 0.0723876953125 0.16682942708333334