0 0.048095238095238094 0.22387648809523808 0.029031084656084657 0.35180555555555554
0 0.29069113756613757 0.3784176587301587 0.16560846560846562 0.3381349206349206
0 0.44335978835978834 0.23339781746031746 0.05643849206349206 0.45581101190476186
0 0.9082043650793651 0.2358407738095238 0.08374007936507936 0.43115327380952384
0 0.17480489417989417 0.42504960317460316 0.0910648148148148 0.11798115079365079
0 0.5566402116402116 0.10284474206349206 0.05529761904761905 0.19409226190476192
0 0.5123710317460318 0.31347718253968254 0.07185846560846561 0.6269543650793651
0 0.7050793650793651 0.24279761904761907 0.05485119047619048 0.42504960317460316
0 0.23551587301587304 0.21325644841269842 0.14754298941798943 0.41015625
0 0.11328042328042329 0.4497073412698413 0.04089285714285714 0.18835565476190477
0 0.6070965608465608 0.0816641865079365 0.01904431216931217 0.16211061507936508
0 0.7480456349206349 0.07574404761904761 0.046875 0.14660714285714285
0 0.027129629629629632 0.6225595238095237 0.054259259259259264 0.2678224206349206
0 0.3255224867724868 0.7446279761904763 0.36230489417989414 0.4587400793650794
0 0.8476554232804233 0.09436011904761904 0.03900132275132275 0.18335069444444443
0 0.7756283068783069 0.2847569444444445 0.08283399470899472 0.5485565476190477
0 0.08308862433862434 0.08850198412698412 0.13907738095238095 0.17138640873015873
0 0.5849603174603175 0.2407217261904762 0.10677248677248677 0.3989260912698413
0 0.019408068783068784 0.19482390873015873 0.03841269841269841 0.38549851190476186
0 0.9782705026455026 0.2301016865079365 0.04345568783068783 0.42504960317460316
0 0.31982473544973544 0.060210813492063496 0.0959457671957672 0.11242559523809524
0 0.546875 0.4456795634920635 0.15950396825396826 0.8913566468253967
0 0.8854166666666666 0.40356398809523814 0.0508234126984127 0.12939484126984127