0 0.13310185185185217 0.7998511904761905 0.14384920634920634 0.21577380952380953
0 0.3694156446991866 0.7044163885360667 0.1696059249247837 0.32846626898960696
0 0.5401832540412632 0.4395523413932537 0.060407589699238054 0.4417304996756783
0 0.6712239583333334 0.384765625 0.1005859375 0.3544921875
0 0.3893229166666667 0.312255859375 0.0396728515625 0.291015625
0 0.5022786458333334 0.3896484375 0.08158365885416667 0.40869140625
0 0.25732421875 0.24169921875 0.047200520833333336 0.2469482421875
0 0.8984375 0.54931640625 0.19514973958333334 0.416259765625
0 0.2931315104166667 0.343017578125 0.0576171875 0.357666015625
0 0.6057942708333334 0.67529296875 0.3974609375 0.36181640625
0 0.051106770833333336 0.67041015625 0.10221354166666667 0.2120361328125
0 0.501953125 0.79345703125 0.16031901041666666 0.1331787109375
0 0.3759765625 0.43505859375 0.1337890625 0.48681640625
0 0.09773763020833333 0.29248046875 0.17578125 0.395263671875
0 0.4775390625 0.381103515625 0.14054361979166666 0.1298828125
0 0.053304036458333336 0.5263671875 0.10660807291666667 0.2724609375
0 0.90234375 0.29443359375 0.18994140625 0.295166015625
0 0.775390625 0.3115234375 0.14371744791666666 0.353759765625
0 0.7864583333333334 0.6201171875 0.015645345052083332 0.10174560546875
0 0.869140625 0.165283203125 0.2550455729166667 0.186279296875
0 0.5611979166666666 0.136962890625 0.216796875 0.16162109375
0 0.5598958333333334 0.06951904296875 0.21028645833333334 0.09039306640625
0 0.18717447916666666 0.0987548828125 0.349609375 0.1260986328125