0 0.7335069444444444 0.6010251322751323 0.12524801587301587 0.6927910052910053
0 0.2697172619047619 0.7886904761904762 0.20709325396825398 0.40343915343915343
0 0.04836309523809524 0.7333002645502645 0.09672619047619048 0.3819444444444444
0 0.5078125 0.490244708994709 0.10540674603174603 0.5373677248677249
0 0.29389880952380953 0.4117063492063492 0.15873015873015872 0.6977513227513228
0 0.02418154761904762 0.404265873015873 0.031001984126984128 0.2926587301587302
0 0.8754960317460317 0.6051587301587301 0.10416666666666667 0.30753968253968256
0 0.9489087301587301 0.8374669312169312 0.10218253968253968 0.18353174603174602
0 0.9780505952380952 0.6398809523809523 0.04389880952380952 0.21164021164021163
0 0.12214781746031746 0.2347883597883598 0.14756944444444445 0.27116402116402116
0 0.10416666666666667 0.4505621693121693 0.07936507936507936 0.20337301587301587
0 0.9523809523809523 0.2604166666666667 0.09176587301587301 0.33564814814814814