0 0.4212239583333333 0.478759765625 0.08174641927083333 0.47314453125
0 0.2628580729166667 0.599609375 0.06636555989583333 0.21728515625
0 0.818359375 0.359619140625 0.11946614583333333 0.302001953125
0 0.4947916666666667 0.469482421875 0.2574869791666667 0.53857421875
0 0.118408203125 0.64111328125 0.07002766927083333 0.167724609375
0 0.9225260416666666 0.60693359375 0.144775390625 0.378173828125
0 0.8723958333333334 0.266845703125 0.08544921875 0.30859375
0 0.3564453125 0.6142578125 0.24088541666666666 0.23974609375
0 0.0169677734375 0.53955078125 0.025899251302083332 0.1466064453125
0 0.24886067708333334 0.276123046875 0.10245768229166667 0.2137451171875
0 0.07320149739583333 0.30029296875 0.13883463541666666 0.263671875
0 0.9368489583333334 0.266357421875 0.119873046875 0.342529296875
0 0.8098958333333334 0.58447265625 0.2763671875 0.2005615234375
0 0.3974609375 0.259521484375 0.12361653645833333 0.2264404296875
0 0.19108072916666666 0.4609375 0.10506184895833333 0.1466064453125
0 0.10872395833333333 0.17724609375 0.20751953125 0.1871337890625
0 0.9427083333333334 0.905242919921875 0.10099283854166667 0.18951416015625