1 0.139265873015873 0.33198743386243385 0.15760168650793652 0.13671626984126983
1 0.391860119047619 0.287526455026455 0.11800099206349206 0.16581349206349208
1 0.18257936507936506 0.590869708994709 0.14574652777777777 0.20402116402116402
1 0.40832341269841266 0.48929894179894184 0.15591517857142856 0.19702380952380952
1 0.47142609126984125 0.3785350529100529 0.09512152777777777 0.1566732804232804
1 0.5359945436507937 0.6229298941798942 0.0696701388888889 0.11853835978835978
1 0.6200669642857143 0.6916501322751324 0.08198164682539683 0.10472222222222223
1 0.5995634920634921 0.368151455026455 0.07712797619047619 0.08438161375661375
1 0.5833630952380953 0.4731018518518519 0.03973958333333333 0.11642526455026454
1 0.6530357142857143 0.5237103174603175 0.08683035714285715 0.12289021164021165
1 0.6729836309523809 0.42250000000000004 0.041951884920634924 0.07006944444444443
1 0.5269047619047619 0.2213756613756614 0.09636656746031746 0.09999999999999999
1 0.5793179563492064 0.1609623015873016 0.09024057539682541 0.08389550264550265
1 0.4963045634920635 0.06164021164021164 0.0788045634920635 0.10965277777777777
1 0.571842757936508 0.08823743386243385 0.05534474206349207 0.06310846560846561
1 0.7337549603174603 0.11366402116402118 0.06750248015873016 0.0707473544973545
1 0.7957663690476191 0.05125661375661376 0.05813244047619047 0.08389550264550265
1 0.8221924603174603 0.17540343915343914 0.04615823412698413 0.0961574074074074
1 0.6908159722222222 0.022341269841269842 0.0476984126984127 0.044682539682539685
1 0.7597470238095239 0.7480390211640212 0.1145014880952381 0.13106150793650792
1 0.6683854166666666 0.9208201058201058 0.08885664682539682 0.1408531746031746
1 0.3551463293650794 0.7502480158730159 0.16799107142857145 0.49950396825396826