0 0.8235677083333334 0.2486572265625 0.0682373046875 0.450927734375
0 0.537109375 0.2288818359375 0.047200520833333336 0.405029296875
0 0.3694661458333333 0.252197265625 0.08878580729166667 0.46435546875
0 0.5686848958333334 0.81146240234375 0.15673828125 0.3770751953125
0 0.2701822916666667 0.25634765625 0.16194661458333334 0.47900390625
0 0.697265625 0.455322265625 0.20003255208333334 0.48876953125
0 0.3035481770833333 0.652099609375 0.07161458333333333 0.69580078125
0 0.630859375 0.2017822265625 0.029541015625 0.353271484375
0 0.24739583333333334 0.81268310546875 0.07954915364583333 0.3746337890625
0 0.14005533854166666 0.24896240234375 0.0517578125 0.4979248046875
0 0.9309895833333334 0.37744140625 0.13028971354166666 0.7509765625
0 0.9557291666666666 0.2313232421875 0.08011881510416667 0.361328125
0 0.619140625 0.13037109375 0.089111328125 0.235107421875
0 0.15226236979166666 0.640625 0.097412109375 0.385986328125
0 0.050618489583333336 0.300537109375 0.09285481770833333 0.5986328125
0 0.10693359375 0.191650390625 0.03363037109375 0.362548828125
0 0.07014973958333333 0.7783203125 0.12760416666666666 0.416259765625
0 0.6940104166666666 0.22509765625 0.13810221354166666 0.425537109375
0 0.8893229166666666 0.248046875 0.07389322916666667 0.47705078125
0 0.7610677083333334 0.1602783203125 0.091064453125 0.300048828125
0 0.3831380208333333 0.6328125 0.19645182291666666 0.7109375
0 0.7493489583333334 0.76611328125 0.037129720052083336 0.454833984375
0 0.3834635416666667 0.1529541015625 0.042724609375 0.285400390625
0 0.8203125 0.8544921875 0.07881673177083333 0.217041015625
0 0.771484375 0.78369140625 0.044352213541666664 0.4326171875
0 0.888671875 0.85302734375 0.20719401041666666 0.281494140625
0 0.7154947916666666 0.92919921875 0.09073893229166667 0.139404296875
0 0.16829427083333334 0.249267578125 0.121826171875 0.21337890625
0 0.3541666666666667 0.9130859375 0.0504150390625 0.11578369140625