0 0.521484375 0.177978515625 0.054646809895833336 0.34521484375
0 0.3763020833333333 0.183349609375 0.08235677083333333 0.345703125
0 0.8274739583333334 0.73681640625 0.102783203125 0.48876953125
0 0.8990885416666666 0.78857421875 0.07722981770833333 0.3984375
0 0.9446614583333334 0.79638671875 0.0634765625 0.377685546875
0 0.14176432291666666 0.4775390625 0.12939453125 0.1953125
0 0.7779947916666666 0.1278076171875 0.0682373046875 0.2410888671875
0 0.591796875 0.2509765625 0.17545572916666666 0.47900390625
0 0.7220052083333334 0.65869140625 0.16959635416666666 0.326904296875
0 0.09969075520833333 0.19287109375 0.0517578125 0.2021484375
0 0.8619791666666666 0.17431640625 0.06746419270833333 0.334716796875
0 0.5595703125 0.1600341796875 0.0628662109375 0.290283203125
0 0.23014322916666666 0.47021484375 0.16446940104166666 0.2069091796875
0 0.106201171875 0.4560546875 0.029825846354166668 0.10504150390625
0 0.035807291666666664 0.216064453125 0.0682373046875 0.338134765625
0 0.630859375 0.09173583984375 0.024169921875 0.1707763671875
0 0.4554036458333333 0.11419677734375 0.019490559895833332 0.2001953125
0 0.026967366536458332 0.57421875 0.053934733072916664 0.25732421875
0 0.4850260416666667 0.07196044921875 0.07954915364583333 0.13818359375
0 0.0576171875 0.27880859375 0.09309895833333333 0.07989501953125
0 0.7096354166666666 0.06866455078125 0.10335286458333333 0.1334228515625
0 0.09171549479166667 0.50341796875 0.079833984375 0.034423828125
0 0.2522786458333333 0.06561279296875 0.10831705729166667 0.1263427734375
0 0.9108072916666666 0.2203369140625 0.0382080078125 0.323974609375
0 0.9474080403645834 0.2587890625 0.10518391927083333 0.50537109375
0 0.8313802083333334 0.196533203125 0.07185872395833333 0.1925048828125
0 0.21858723958333334 0.9658203125 0.09407552083333333 0.06744384765625