0 0.45442791005291006 0.21435515873015873 0.10847883597883598 0.40869047619047616
0 0.1646329365079365 0.1864012896825397 0.01933862433862434 0.23059027777777777
0 0.9414054232804233 0.18029761904761907 0.06648809523809524 0.3442385912698413
0 0.5397123015873015 0.3145758928571428 0.08862433862433862 0.6291493055555556
0 0.38378968253968254 0.4809573412698413 0.13289351851851852 0.31958085317460316
0 0.8398445767195767 0.41308531746031746 0.027526455026455024 0.17273065476190477
0 0.06978505291005291 0.29321180555555554 0.04005952380952381 0.5356448412698412
0 0.6835945767195767 0.2512202380952381 0.14705357142857142 0.39990327380952384
0 0.8255224867724869 0.15856894841269842 0.03123015873015873 0.3024900793650794
0 0.39290343915343917 0.15100198412698412 0.03747685185185185 0.2895510912698413
0 0.029031084656084657 0.25414930555555554 0.05806547619047619 0.4956051587301587
0 0.9303373015873017 0.7299801587301588 0.13289351851851852 0.16345238095238093
0 0.057291666666666664 0.6411135912698412 0.11458333333333333 0.42065476190476186
0 0.8613293650793651 0.18835565476190477 0.07511243386243385 0.3496106150793651
0 0.2298181216931217 0.10687251984126984 0.14656415343915344 0.20910714285714285
0 0.8847652116402117 0.43505952380952384 0.0742989417989418 0.18335069444444443
0 0.3001289682539683 0.053802083333333334 0.11450066137566138 0.10339285714285715
0 0.14078703703703704 0.22570684523809523 0.09741071428571428 0.05865575396825397
0 0.7582275132275133 0.8992286706349206 0.48354497354497356 0.18714037698412697
0 0.6985681216931217 0.71875 0.24055886243386246 0.14392113095238093
0 0.23828042328042326 0.25317460317460316 0.04573412698412699 0.4809573412698413
0 0.19563822751322751 0.42114335317460316 0.13859126984126985 0.22338789682539684
0 0.21647156084656086 0.3168948412698413 0.21093915343915343 0.14636160714285715
0 0.8417956349206349 0.56640625 0.31022156084656083 0.12292410714285715
0 0.7434887566137566 0.05645833333333333 0.09985449735449735 0.10876488095238096