0 0.5183727034120735 0.5714812992125984 0.11811023622047244 0.4392224409448819
1 0.07135826771653543 0.30819389763779526 0.12303149606299213 0.09719488188976377
1 0.022775590551181103 0.5847859251968505 0.045547900262467196 0.04584891732283465
1 0.05453740157480315 0.4117322834645669 0.10428149606299213 0.09888779527559055
1 0.2786843832020997 0.48005413385826773 0.07791010498687664 0.05214074803149606
1 0.10188320209973754 0.19597687007874018 0.11267060367454068 0.0970890748031496
1 0.08030839895013124 0.06607529527559054 0.12705708661417323 0.06023129921259843
1 0.21455708661417325 0.13979084645669293 0.11746719160104988 0.07461614173228347
1 0.20556758530183727 0.06427657480314962 0.10428149606299213 0.065625
1 0.23613188976377952 0.2935162401574803 0.10308398950131233 0.06023129921259843
1 0.344009186351706 0.28272883858267717 0.06712270341207349 0.049443897637795275
1 0.3326213910761155 0.3550959645669291 0.09229658792650919 0.043152066929133856
1 0.15282808398950132 0.3888090551181102 0.07311679790026247 0.06742372047244094
1 0.062329396325459314 0.5420841535433072 0.05273950131233596 0.030565944881889764