1 0.4281496062992126 0.32111220472440943 0.15748031496062992 0.09350393700787402
1 0.19438976377952755 0.7320374015748031 0.14271653543307086 0.12057086614173228
1 0.5585629921259843 0.7277312992125984 0.1361548556430446 0.0873523622047244
1 0.3690944881889764 0.8944389763779528 0.0688976377952756 0.04429133858267716
1 0.4199212598425197 0.2985851377952756 0.15169291338582677 0.062438484251968504
1 0.3499343832020997 0.7373056102362204 0.16446850393700788 0.09893700787401574
1 0.6881496062992126 0.7641609251968504 0.12182742782152231 0.09173474409448819
1 0.8027329396325459 0.7622071850393701 0.14835629921259844 0.12042322834645669
1 0.6321620734908137 0.6259768700787401 0.12312664041994752 0.09790108267716535
1 0.53125 0.6049803149606299 0.06925524934383202 0.0565501968503937
1 0.48535104986876637 0.6831053149606299 0.08992454068241469 0.07696604330708662
1 0.8541666666666666 0.6767568897637796 0.08028215223097113 0.0673228346456693
1 0.9411417322834645 0.6655265748031496 0.11771653543307087 0.09570374015748032
1 0.4996751968503937 0.4272465551181102 0.11547900262467192 0.06051673228346457
1 0.850259186351706 0.4765625 0.17789698162729659 0.09600885826771653
1 0.3313812335958005 0.37939468503937007 0.09024934383202099 0.05645669291338583
1 0.5618503937007874 0.5209965551181103 0.09269356955380577 0.07794291338582678
1 0.9186187664041994 0.5839837598425197 0.1501476377952756 0.09417814960629921
1 0.0616240157480315 0.7827140748031496 0.12325131233595801 0.09448326771653544
1 0.6321620734908137 0.6948252952755906 0.0686023622047244 0.05203248031496063
1 0.6663418635170604 0.5200196850393701 0.08145997375328083 0.05801427165354331
1 0.7740879265091863 0.5166018700787401 0.0580249343832021 0.04067913385826771
1 0.20475393700787403 0.4680167322834646 0.107746062992126 0.12249753937007873
1 0.37760498687664046 0.30102608267716535 0.05570538057742782 0.046904527559055116
1 0.09684383202099738 0.6152337598425197 0.11083989501312336 0.07598917322834646
1 0.050416666666666665 0.7104502952755906 0.07389435695538057 0.050720964566929136
1 0.08780839895013123 0.5166018700787401 0.14908792650918637 0.08019931102362204
1 0.7792979002624673 0.6347662401574803 0.05053805774278215 0.05136072834645669
1 0.8880216535433071 0.4523917322834646 0.05509514435695538 0.03897145669291339
1 0.8072933070866142 0.44579970472440944 0.08056758530183727 0.0371998031496063
1 0.340495406824147 0.6274409448818897 0.12711614173228347 0.08361712598425197
1 0.32796259842519687 0.7563484251968504 0.03967191601049869 0.05499261811023622
1 0.5126312335958005 0.9184301181102362 0.07053805774278216 0.03813976377952756
1 0.4109251968503937 0.9676427165354331 0.10006561679790026 0.06028543307086614
1 0.765255905511811 0.9638287401574803 0.07053805774278216 0.07234251968503937
1 0.8636811023622047 0.8975147637795275 0.06725721784776903 0.06766732283464567