1 0.8196614583333334 0.308349609375 0.097412109375 0.036224365234375
1 0.6985677083333334 0.39599609375 0.13639322916666666 0.090087890625
1 0.8424479166666666 0.73193359375 0.13004557291666666 0.114990234375
1 0.8639322916666666 0.5185546875 0.15730794270833334 0.1329345703125
1 0.806640625 0.359375 0.102783203125 0.06866455078125
1 0.728515625 0.75390625 0.10904947916666667 0.09893798828125
1 0.7239583333333334 0.611328125 0.20198567708333334 0.17529296875
1 0.6012369791666666 0.6796875 0.111083984375 0.07708740234375
1 0.6705729166666666 0.87451171875 0.07694498697916667 0.08831787109375
1 0.904296875 0.455322265625 0.16959635416666666 0.16162109375
1 0.5660807291666666 0.54931640625 0.09138997395833333 0.07666015625
1 0.951171875 0.5634765625 0.09358723958333333 0.11578369140625
1 0.6041666666666666 0.85986328125 0.07279459635416667 0.053009033203125
1 0.5595703125 0.87744140625 0.07609049479166667 0.07122802734375
1 0.9359130859375 0.80517578125 0.128173828125 0.12939453125