1 0.4256889763779528 0.2995816929133858 0.10662729658792651 0.0406003937007874
1 0.5971128608923885 0.6385334645669292 0.09514435695538058 0.0984251968503937
1 0.7685367454068242 0.4613681102362205 0.0770997375328084 0.04675196850393701
1 0.8185695538057742 0.5099655511811023 0.09186351706036745 0.06520669291338582
1 0.853515625 0.467041015625 0.06563313802083333 0.038330078125
1 0.8684895833333334 0.59521484375 0.11507161458333333 0.0755615234375
1 0.13191731770833334 0.49462890625 0.09773763020833333 0.07330322265625
1 0.5263671875 0.432373046875 0.09895833333333333 0.060089111328125
1 0.4866536458333333 0.62109375 0.07108561197916667 0.0548095703125
1 0.73828125 0.52978515625 0.055704752604166664 0.039337158203125
1 0.767578125 0.775390625 0.14933268229166666 0.1279296875
1 0.5152994791666666 0.7548828125 0.10970052083333333 0.0943603515625
1 0.25146484375 0.451416015625 0.06746419270833333 0.0618896484375
1 0.3538411458333333 0.3798828125 0.10172526041666667 0.055511474609375
1 0.654296875 0.783203125 0.1201171875 0.095703125
1 0.4895833333333333 0.350341796875 0.12849934895833334 0.06756591796875
1 0.5188802083333334 0.52783203125 0.09391276041666667 0.056549072265625
1 0.17008463541666666 0.76806640625 0.1669921875 0.1248779296875
1 0.9114583333333334 0.6748046875 0.14225260416666666 0.08978271484375
1 0.6256510416666666 0.52978515625 0.08683268229166667 0.055938720703125
1 0.587890625 0.71435546875 0.06978352864583333 0.057708740234375
1 0.3209635416666667 0.75634765625 0.15974934895833334 0.1026611328125
1 0.053955078125 0.62548828125 0.10408528645833333 0.08758544921875
1 0.3681640625 0.6220703125 0.09090169270833333 0.07330322265625
1 0.4388020833333333 0.496337890625 0.056437174479166664 0.0309600830078125
1 0.8157552083333334 0.68798828125 0.07596842447916667 0.06719970703125
1 0.2610677083333333 0.6533203125 0.08732096354166667 0.06683349609375
1 0.039225260416666664 0.81103515625 0.07694498697916667 0.0830078125
1 0.20556640625 0.45361328125 0.025797526041666668 0.04913330078125
1 0.045817057291666664 0.72802734375 0.089599609375 0.06744384765625
1 0.7200520833333334 0.96728515625 0.06697591145833333 0.060211181640625
1 0.51171875 0.330810546875 0.06925455729166667 0.03228759765625
1 0.3219401041666667 0.5625 0.048095703125 0.024139404296875
1 0.05322265625 0.53076171875 0.1064453125 0.0706787109375