1 0.6151574803149606 0.24729330708661418 0.1541994750656168 0.08612204724409449
1 0.5634842519685039 0.3734005905511811 0.1624015748031496 0.1045767716535433
1 0.7357283464566929 0.30204232283464566 0.14271653543307086 0.10211614173228346
1 0.47244094488188976 0.5038139763779528 0.18700787401574803 0.11441929133858268
1 0.922736220472441 0.5038139763779528 0.10662729658792651 0.0750492125984252
1 0.973261154855643 0.3875492125984252 0.05347769028871391 0.07874015748031496
1 0.823490813648294 0.937376968503937 0.13123359580052493 0.12524606299212598
1 0.9473425196850394 0.9281496062992126 0.10334645669291338 0.1437007874015748
1 0.6764337270341207 0.5791018700787401 0.11368766404199475 0.08227608267716535
1 0.7890616797900263 0.5068356299212599 0.10693241469816273 0.06994586614173229
1 0.8593766404199475 0.5878912401574803 0.16137795275590552 0.09722933070866141
1 0.8463549868766405 0.40722687007874014 0.09090223097112861 0.05718996062992126
1 0.4082020997375328 0.8002928149606299 0.1679691601049869 0.12719734251968504
1 0.20589238845144356 0.7807627952755906 0.1642257217847769 0.13794045275590552
1 0.7675787401574803 0.38940452755905514 0.09635498687664042 0.08343503937007873
1 0.12670931758530182 0.6323252952755906 0.10188648293963255 0.07421998031496063
1 0.045980971128608925 0.6884768700787401 0.08911089238845145 0.10321112204724409
1 0.5917979002624671 0.6655265748031496 0.18521981627296585 0.1473400590551181
1 0.7272145669291339 0.7109375 0.09529527559055118 0.08435039370078741
1 0.6529954068241469 0.48852608267716535 0.18961614173228347 0.10247785433070866
1 0.4684251968503937 0.4250492125984252 0.09073818897637795 0.06426919291338583
1 0.9469389763779528 0.6660162401574803 0.10611876640419947 0.13500984251968504
1 0.9407545931758531 0.44970718503937007 0.11425853018372703 0.09332185039370079
1 0.7174475065616799 0.6108390748031496 0.10693241469816273 0.07977362204724409
1 0.8763024934383201 0.7880856299212599 0.16927165354330712 0.10412647637795276
1 0.8209645669291339 0.6923818897637796 0.09252952755905511 0.08831692913385827
1 0.3274737532808399 0.6992199803149607 0.12597769028871392 0.0859990157480315
1 0.5556627296587927 0.8847662401574803 0.21028543307086617 0.1656496062992126
1 0.3694652230971129 0.6196284448818897 0.19937992125984252 0.14245570866141732
1 0.5257152230971129 0.4382332677165354 0.0506988188976378 0.030105807086614172
1 0.4677723097112861 0.9208981299212599 0.17643372703412072 0.1265871062992126
1 0.12825459317585303 0.9194340551181103 0.1639009186351706 0.1547859251968504
1 0.027486876640419947 0.8613287401574803 0.05497375328083989 0.0654896653543307
1 0.6054691601049869 0.7978518700787401 0.15193569553805775 0.10669045275590551
1 0.9654954068241469 0.5649409448818897 0.062175196850393695 0.05233759842519685
1 0.2722965879265092 0.9545890748031496 0.14957677165354333 0.09039370078740158
1 0.1543766404199475 0.5673818897637796 0.10449146981627297 0.04544045275590551
1 0.29964238845144353 0.7900393700787401 0.1161286089238845 0.1342765748031496
1 0.43359251968503937 0.7084965551181103 0.13378937007874017 0.10247785433070866