1 0.8131510416666666 0.455810546875 0.081298828125 0.040618896484375
1 0.853515625 0.50927734375 0.08992513020833333 0.05560302734375
1 0.6276041666666666 0.62744140625 0.092041015625 0.093017578125
1 0.4462890625 0.294189453125 0.07694498697916667 0.043609619140625
1 0.896484375 0.465087890625 0.06477864583333333 0.039703369140625
1 0.9088541666666666 0.595703125 0.15169270833333334 0.0948486328125
1 0.77734375 0.525390625 0.0574951171875 0.04217529296875
1 0.5198567708333334 0.6015625 0.07442220052083333 0.04986572265625
1 0.552734375 0.732421875 0.11466471354166667 0.0894775390625
1 0.5530598958333334 0.42626953125 0.099365234375 0.061187744140625
1 0.20442708333333334 0.72802734375 0.164794921875 0.127685546875
1 0.3831380208333333 0.37255859375 0.10432942708333333 0.055419921875
1 0.6848958333333334 0.771484375 0.12874348958333334 0.09588623046875
1 0.8020833333333334 0.77197265625 0.14054361979166666 0.1246337890625
1 0.9192708333333334 0.496337890625 0.068359375 0.0325927734375
1 0.2771809895833333 0.437744140625 0.060465494791666664 0.06610107421875
1 0.3382161458333333 0.63037109375 0.14990234375 0.09124755859375
1 0.349609375 0.7265625 0.15673828125 0.1033935546875
1 0.9325764973958334 0.67919921875 0.13484700520833334 0.0869140625
1 0.07596842447916667 0.70361328125 0.11165364583333333 0.073974609375
1 0.5120442708333334 0.343017578125 0.12687174479166666 0.06671142578125
1 0.09912109375 0.59033203125 0.11735026041666667 0.09124755859375
1 0.17789713541666666 0.48046875 0.09041341145833333 0.06524658203125
1 0.5475260416666666 0.517578125 0.10807291666666667 0.07904052734375
1 0.061482747395833336 0.7783203125 0.12247721354166667 0.0869140625
1 0.7415364583333334 0.95947265625 0.07291666666666667 0.07208251953125
1 0.8841145833333334 0.7685546875 0.116943359375 0.0999755859375
1 0.08878580729166667 0.51123046875 0.15592447916666666 0.06549072265625