1 0.7193241469816273 0.5542568897637795 0.07053805774278216 0.06520669291338582
1 0.8229166666666666 0.61669921875 0.08101399739583333 0.06695556640625
1 0.76171875 0.56005859375 0.102783203125 0.055511474609375
1 0.7890625 0.67431640625 0.06913248697916667 0.051361083984375
1 0.876953125 0.45751953125 0.06453450520833333 0.042236328125
1 0.23746744791666666 0.92578125 0.057942708333333336 0.050811767578125
1 0.032063802083333336 0.857421875 0.060017903645833336 0.044189453125
1 0.29296875 0.8994140625 0.06660970052083333 0.037200927734375
1 0.17805989583333334 0.91845703125 0.0687255859375 0.04351806640625
1 0.099853515625 0.95068359375 0.0484619140625 0.0391845703125
1 0.9739583333333334 0.54150390625 0.0484619140625 0.0297088623046875
1 0.65625 0.6162109375 0.09236653645833333 0.06951904296875