1 0.16896325459317585 0.5868602362204725 0.04921259842519685 0.04675196850393701
1 0.31906167979002625 0.31619094488188976 0.11318897637795275 0.10826771653543307
1 0.18700787401574803 0.16547736220472442 0.0688976377952756 0.05290354330708662
1 0.21161417322834647 0.23991141732283464 0.09514435695538058 0.0688976377952756
1 0.15501968503937008 0.38508858267716534 0.07381889763779527 0.07874015748031496
1 0.2780511811023622 0.1064222440944882 0.09350393700787402 0.06274606299212598
1 0.3723753280839895 0.12241633858267717 0.08530183727034121 0.05044291338582677
1 0.28461286089238846 0.0436761811023622 0.10334645669291338 0.07258858267716535
1 0.42076771653543305 0.03137303149606299 0.10990813648293964 0.06274606299212598
1 0.47408136482939633 0.11380413385826772 0.10170603674540682 0.08243110236220473
1 0.42076771653543305 0.2577509842519685 0.08366141732283465 0.05044291338582677
1 0.5848097112860893 0.2552903543307087 0.10334645669291338 0.07012795275590551
1 0.3198818897637795 0.4755167322834646 0.10826771653543307 0.055364173228346455
1 0.38795931758530183 0.43491633858267714 0.10662729658792651 0.055364173228346455
0 0.464238845144357 0.7443405511811023 0.2952755905511811 0.31003937007874016